6.861000
5.751000
5.627000
5.610000
5.750000
5.906000
6.858000
5.412000
5.516000
5.828000
5.302000
5.986000
5.080000
5.389000
5.047000
5.378000
5.831000
5.687000
5.101000
5.510000
5.034000
6.286000
5.997000
5.643000
7.161000
6.474000
5.885000
6.625000
5.089000
5.650000
5.667000
6.854000
7.916000
5.109000
7.041000
5.509000
5.351000
5.474000
5.111000
6.983000
7.407000
9.040000
5.549000
7.092000
5.419000
5.371000
5.502000
5.047000
6.705000
6.529000
5.564000
5.515000
6.518000
6.301000
5.611000
6.420000
6.135000
5.901000
6.113000
5.006000
5.229000
5.578000
5.145000
5.518000
6.477000
6.634000
6.697000
6.547000
6.697000
5.241000
5.294000
5.452000
5.659000
6.143000
5.648000
6.190000
5.394000
5.100000
6.363000
6.392000
7.108000
7.248000
5.623000
5.093000
5.203000
6.208000
6.357000
8.536000
5.207000
5.689000
5.241000
5.054000
5.285000
5.490000
5.059000
5.964000
5.433000
5.529000
5.535000
4.877000
5.620000
5.669000
5.158000
5.482000
5.430000
5.549000
5.872000
5.592000
5.351000
5.527000
5.272000
6.201000
6.708000
7.903000
6.399000
6.257000
8.022000
7.165000
6.415000
5.717000
5.475000
5.240000
5.161000
5.715000
5.219000
5.498000
5.509000
5.599000
6.085000
5.601000
7.696000
5.513000
6.009000
7.067000
7.217000
5.812000
4.992000
5.762000
5.136000
5.177000
5.609000
5.151000
5.502000
6.763000
6.928000
7.433000
6.346000
5.615000
5.223000
5.334000
5.607000
5.040000
5.169000
5.230000
5.470000
5.527000
5.194000
5.295000
5.274000
5.230000
5.442000
5.370000
5.138000
5.507000
5.202000
5.067000
5.607000
5.219000
6.047000
5.758000
5.620000
6.119000
5.486000
5.740000
5.521000
5.352000
5.503000
5.678000
5.398000
5.246000
5.212000
5.592000
5.253000
6.990000
6.666000
5.022000
5.309000
5.301000
5.446000
4.983000
5.511000
5.312000
5.075000
5.874000
5.344000
6.563000
6.808000
6.894000
5.687000
5.251000
5.271000
5.180000
7.395000
5.496000
7.060000
5.436000
5.377000
6.405000
6.466000
5.773000
5.197000
5.393000
5.293000
5.485000
5.204000
5.463000
5.247000
5.393000
5.214000
5.373000
5.336000
5.416000
5.247000
5.174000
5.461000
6.457000
6.442000
5.187000
5.475000
5.090000
5.117000
5.130000
5.343000
5.104000
5.309000
5.090000
5.540000
5.511000
5.038000
5.349000
5.214000
5.049000
5.761000
5.304000
5.344000
5.378000
5.174000
5.317000
5.466000
5.357000
6.103000
5.843000
5.413000
5.497000
5.218000
5.389000
5.462000
5.067000
5.678000
5.045000
5.478000
5.242000
5.347000
5.613000
5.410000
5.409000
6.324000
6.101000
5.183000
5.364000
5.343000
5.536000
5.126000
5.644000
5.500000
5.939000
5.635000
6.932000
6.868000
7.165000
7.256000
6.138000
5.398000
6.099000
6.583000
5.699000
5.454000
5.494000
5.359000
6.852000
7.149000
6.974000
6.925000
7.104000
7.310000
5.536000
5.333000
6.767000
7.256000
7.033000
6.324000
5.905000
6.655000
6.746000
7.043000
5.108000
5.989000
5.194000
5.282000
5.412000
5.133000
6.098000
5.437000
5.168000
5.357000
5.352000
5.807000
5.550000
5.626000
5.356000
5.130000
5.834000
5.718000
5.282000
5.186000
5.390000
5.160000
5.741000
6.272000
5.033000
5.827000
6.732000
5.518000
5.392000
5.694000
5.663000
5.080000
5.092000
5.855000
5.095000
5.375000
5.413000
5.333000
5.064000
5.997000
5.810000
5.781000
5.996000
6.620000
5.389000
5.628000
7.027000
7.089000
7.506000
5.836000
5.981000
6.975000
7.167000
7.302000
5.492000
5.775000
5.379000
5.396000
5.241000
5.546000
5.590000
5.228000
5.174000
5.236000
5.379000
5.261000
5.333000
5.185000
6.054000
5.492000
5.337000
5.226000
5.466000
5.210000
5.306000
5.530000
5.142000
5.324000
5.422000
6.941000
6.478000
7.257000
5.778000
5.110000
6.637000
6.523000
5.121000
5.925000
5.188000
5.653000
5.475000
5.630000
5.750000
5.274000
5.393000
5.167000
5.272000
6.279000
5.237000
6.812000
5.719000
5.331000
6.969000
6.718000
5.712000
5.393000
6.894000
6.137000
6.170000
5.044000
5.484000
5.204000
5.356000
6.706000
5.742000
5.524000
6.888000
5.625000
5.367000
5.581000
6.357000
5.858000
5.710000
5.002000
6.082000
5.476000
5.484000
5.602000
5.021000
6.223000
5.435000
6.808000
6.138000
5.440000
6.798000
6.347000
5.687000
6.634000
6.058000
5.679000
5.294000
5.193000
5.318000
5.984000
5.725000
4.946000
5.512000
5.230000
6.032000
5.573000
5.225000
5.286000
5.337000
5.643000
4.977000
6.585000
5.868000
5.597000
5.595000
5.501000
6.482000
6.428000
6.017000
5.393000
5.204000
5.509000
5.097000
6.003000
5.666000
5.052000
5.571000
5.139000
5.990000
5.405000
5.418000
5.501000
5.404000
5.517000
5.386000
6.309000
6.378000
5.029000
5.574000
6.010000
5.840000
5.615000
5.308000
5.186000
6.814000
5.560000
5.090000
6.424000
7.042000
7.101000
5.741000
5.617000
5.582000
5.126000
5.568000
5.126000
5.345000
5.536000
5.159000
6.821000
7.925000
7.153000
5.434000
5.600000
6.683000
6.865000
5.373000
4.975000
5.357000
5.573000
5.899000
5.545000
5.108000
5.233000
5.374000
5.692000
5.086000
5.499000
4.976000
5.494000
5.597000
5.169000
6.573000
5.200000
5.423000
6.467000
6.084000
5.436000
6.630000
5.341000
7.378000
5.561000
5.120000
5.114000
6.059000
6.722000
6.356000
6.534000
7.357000
7.321000
6.381000
5.982000
5.432000
5.717000
5.278000
5.073000
5.302000
5.253000
5.496000
5.103000
5.382000
5.136000
5.557000
5.624000
5.316000
5.376000
5.242000
5.141000
5.578000
5.219000
5.276000
5.047000
5.106000
5.777000
5.922000
6.490000
6.339000
7.498000
6.046000
5.313000
5.336000
5.106000
5.446000
5.631000
6.093000
7.742000
5.398000
5.136000
5.775000
6.024000
6.400000
5.691000
4.937000
5.500000
5.422000
5.696000
6.318000
6.935000
7.082000
7.341000
5.338000
5.109000
5.079000
5.933000
6.596000
8.326000
8.472000
6.491000
5.438000
6.607000
5.719000
6.891000
6.150000
5.539000
5.547000
5.644000
6.860000
7.044000
5.225000
5.372000
6.442000
7.384000
7.155000
5.926000
6.816000
7.087000
6.402000
5.471000
6.814000
7.192000
6.207000
5.059000
6.467000
5.277000
5.459000
6.145000
6.374000
5.996000
5.184000
5.035000
6.182000
5.593000
5.246000
5.372000
5.303000
5.384000
6.152000
6.912000
5.139000
5.287000
5.741000
5.676000
4.998000
5.480000
5.535000
5.124000
5.700000
6.728000
8.016000
7.432000
5.511000
7.320000
5.638000
6.044000
4.904000
5.555000
6.297000
5.352000
6.091000
6.630000
7.879000
5.324000
5.927000
6.027000
5.762000
7.548000
5.310000
5.254000
5.237000
6.105000
5.854000
5.448000
5.512000
5.664000
5.169000
5.538000
5.630000
5.087000
6.537000
5.039000
5.526000
6.352000
6.236000
7.275000
5.332000
5.246000
5.661000
5.048000
5.527000
5.044000
5.323000
5.725000
5.052000
5.208000
5.257000
5.422000
5.521000
5.088000
5.285000
5.384000
5.278000
6.199000
5.816000
6.772000
5.452000
5.282000
5.269000
5.741000
6.188000
6.002000
6.061000
5.501000
6.348000
5.138000
5.318000
5.541000
5.073000
6.274000
5.499000
5.199000
5.543000
5.099000
5.414000
5.135000
5.140000
6.004000
5.444000
5.816000
6.135000
5.073000
5.751000
5.414000
6.653000
6.877000
7.979000
5.747000
5.013000
5.511000
5.259000
7.050000
7.220000
6.960000
5.468000
5.708000
5.315000
5.279000
5.445000
5.517000
5.351000
5.405000
6.144000
5.657000
5.163000
5.169000
5.422000
5.197000
5.452000
5.479000
5.953000
5.419000
5.838000
5.118000
5.310000
5.235000
5.076000
5.466000
5.386000
5.428000
5.139000
5.943000
5.316000
5.208000
5.028000
5.157000
5.368000
5.020000
5.436000
5.462000
5.591000
5.095000
5.773000
5.040000
5.365000
5.462000
5.118000
5.369000
5.389000
5.315000
5.783000
6.961000
7.316000
7.471000
5.410000
6.331000
5.951000
6.843000
5.631000
5.201000
5.038000
5.166000
5.509000
5.328000
5.208000
5.530000
5.035000
5.593000
5.159000
5.231000
5.875000
5.552000
5.302000
5.462000
4.952000
5.372000
5.460000
5.075000
5.458000
5.195000
5.350000
5.792000
4.959000
5.525000
5.419000
5.109000
5.343000
5.250000
5.554000
5.673000
5.222000
5.228000
5.136000
5.101000
6.682000
6.492000
5.178000
5.040000
5.499000
5.040000
5.702000
5.172000
5.288000
5.332000
5.180000
5.636000
5.785000
5.319000
6.145000
5.580000
5.038000
6.803000
6.428000
5.623000
5.287000
5.465000
5.086000
5.370000
5.889000
5.710000
5.288000
5.126000
5.355000
5.568000
5.095000
4.978000
5.432000
5.465000
5.365000
5.552000
5.106000
5.220000
5.494000
5.327000
4.999000
5.064000
5.511000
5.468000
5.617000
5.005000
5.782000
5.150000
5.174000
5.525000
5.117000
6.284000
5.140000
5.641000
6.301000
5.539000
5.087000
5.210000
5.128000
6.089000
5.417000
5.388000
5.449000
4.964000
5.743000
5.434000
5.054000
5.248000
5.345000
5.600000
5.519000
5.463000
5.531000
5.654000
5.588000
4.967000
5.147000
5.462000
5.709000
5.352000
5.025000
5.757000
5.252000
5.197000
5.322000
5.226000
5.600000
5.429000
5.085000
5.599000
5.263000
5.059000
5.733000
5.047000
5.487000
5.100000
5.139000
5.842000
5.199000
5.277000
5.600000
5.489000
5.483000
5.141000
5.633000
5.481000
5.174000
5.153000
5.161000
5.616000
5.036000
5.330000
5.065000
5.588000
5.381000
5.226000
6.674000
6.435000
5.628000
5.678000
5.014000
5.584000
5.068000
5.141000
5.624000
4.954000
5.358000
5.368000
5.013000
5.653000
4.989000
5.303000
5.751000
5.078000
5.262000
5.682000
5.238000
5.690000
6.189000
6.445000
6.576000
5.079000
5.359000
6.402000
6.135000
5.652000
4.919000
5.580000
5.300000
5.497000
5.520000
5.136000
5.521000
5.197000
5.254000
5.388000
6.441000
6.663000
6.610000
